desc: I1 cache:         32768 B, 64 B, 8-way associative
desc: D1 cache:         8192 B, 64 B, 8-way associative
desc: LL cache:         6291456 B, 64 B, 12-way associative
cmd: ./history
events: Ir I1mr ILmr Dr D1mr DLmr Dw D1mw DLmw 
fl=/home/jan-pieter/git_repos/_School/AD3-project/src/main.c
fn=main
9 9 2 2 1 0 0 6 0 0
13 3 0 0 1 1 0 2 2 1
16 3 0 0 0 0 0 1 0 0
17 200003 0 0 1 0 0 0 0 0
18 200000 1 1 100000 1 0 100000 0 0
19 300000 0 0 0 0 0 100000 0 0
21 300000 0 0 100000 0 0 0 0 0
23 80504 0 0 0 0 0 20126 0 0
24 60378 0 0 20126 0 0 20126 0 0
25 100630 1 1 0 0 0 40252 0 0
26 60378 0 0 20126 0 0 20126 0 0
27 60378 0 0 0 0 0 20126 0 0
28 80504 0 0 40252 0 0 40252 0 0
29 80504 0 0 0 0 0 20126 0 0
30 60378 1 1 0 0 0 20126 0 0
32 159748 0 0 0 0 0 0 0 0
34 80444 1 1 0 0 0 20111 0 0
35 160888 1 1 80444 0 0 100555 0 0
37 119526 0 0 0 0 0 0 0 0
39 80484 1 1 0 0 0 20121 0 0
41 20121 0 0 0 0 0 20121 14365 0
42 160968 0 0 80484 0 0 100605 0 0
44 155858 0 0 58319 0 0 0 0 0
45 76396 0 0 0 0 0 19099 0 0
47 3066 0 0 0 0 0 1022 0 0
49 79284 0 0 0 0 0 0 0 0
52 198212 0 0 0 0 0 39642 0 0
53 198210 0 0 39642 0 0 39642 0 0
57 198210 5 1 0 0 0 39642 0 0
58 515346 227 1 317136 0 0 356778 0 0
62 158568 0 0 0 0 0 39642 0 0
67 200000 0 0 0 0 0 100000 0 0
68 300000 0 0 100000 3043 0 100000 0 0
70 2 0 0 0 0 0 1 0 0
72 11 0 0 8 2 0 0 0 0
fl=/home/jan-pieter/git_repos/_School/AD3-project/src/utils/btree.c
fn=addToBtree
36 3 0 0 0 0 0 1 0 0
38 1 0 0 0 0 0 1 0 0
60 2 0 0 0 0 0 1 0 0
64 40466 7 2 0 0 0 20233 0 0
67 115 0 0 46 0 0 23 0 0
68 23 0 0 0 0 0 23 0 0
172 281764 1 1 60378 0 0 140882 0 0
173 60378 0 0 40252 0 0 20126 0 0
174 40252 0 0 0 0 0 40252 0 0
176 60378 0 0 20126 0 0 0 0 0
178 23 0 0 23 0 0 0 0 0
182 40206 1 1 20103 0 0 20103 0 0
185 180927 0 0 80412 0 0 100515 0 0
186 120618 0 0 0 0 0 20103 0 0
187 101035 3 2 131 78 0 0 0 0
189 130 0 0 0 0 0 130 0 0
190 130 0 0 0 0 0 130 130 0
191 1040 0 0 520 1 0 650 0 0
192 780 0 0 0 0 0 130 0 0
203 4 0 0 2 0 0 2 0 0
204 3 0 0 2 0 0 1 1 0
205 1 0 0 1 0 0 0 0 0
206 2 0 0 0 0 0 1 0 0
207 1 0 0 0 0 0 1 0 0
208 1 0 0 0 0 0 1 1 0
213 20103 0 0 0 0 0 0 0 0
214 241512 1 1 181134 702 0 0 0 0
219 261638 1 1 0 0 0 161008 0 0
fn=allocateBtree
35 1 1 1 0 0 0 0 0 0
36 2 0 0 0 0 0 1 0 0
37 1 0 0 0 0 0 1 1 1
38 1 1 1 0 0 0 1 0 0
39 2 0 0 0 0 0 1 0 0
41 2 0 0 1 0 0 0 0 0
fn=allocateTempBtree
44 20126 0 0 0 0 0 0 0 0
45 40252 0 0 0 0 0 20126 0 0
46 40252 0 0 0 0 0 20126 13076 0
49 40252 0 0 20126 0 0 0 0 0
fn=deleteElement
67 9878 0 0 0 0 0 9878 0 0
68 9878 0 0 0 0 0 9878 0 0
219 261443 0 0 40222 0 0 140777 0 0
267 100555 0 0 20111 0 0 40222 0 0
268 60333 0 0 40222 0 0 20111 0 0
269 20111 1 1 0 0 0 20111 0 0
270 40222 0 0 0 0 0 40222 0 0
271 119637 0 0 39879 0 0 0 0 0
274 29634 0 0 0 0 0 9878 0 0
276 20466 1 1 0 0 0 10233 0 0
277 120666 1 1 80444 1 0 0 0 0
fn=freeBtree
52 4 1 1 0 0 0 2 0 0
53 794 0 0 132 130 0 132 0 0
55 529 0 0 132 0 0 0 0 0
56 655 0 0 131 63 0 131 0 0
57 2 0 0 1 1 0 0 0 0
58 267 0 0 0 0 0 0 0 0
59 132 1 1 132 128 0 0 0 0
60 2 0 0 0 0 0 0 0 0
61 3 0 0 2 0 0 0 0 0
fn=freeBtree.part.0
52 528 1 1 0 0 0 264 0 0
55 80548 1 1 20104 132 0 0 0 0
56 99860 0 0 19972 9906 0 19972 0 0
57 264 0 0 132 132 0 0 0 0
60 264 0 0 0 0 0 0 0 0
61 396 0 0 264 129 0 0 0 0
fn=freeTempBtree
64 20126 1 1 0 0 0 0 0 0
fn=insertTempBtreeInBtree
36 786 1 1 0 0 0 262 0 0
37 262 0 0 0 0 0 262 262 167
38 262 1 1 0 0 0 262 88 87
45 393 0 0 0 0 0 131 87 0
46 262 0 0 0 0 0 131 120 0
73 242796 1 1 20233 0 0 141631 0 0
74 20233 0 0 20233 0 0 0 0 0
75 60699 0 0 20233 0 0 0 0 0
76 60306 1 1 0 0 0 0 0 0
77 399320 1 1 0 0 0 39932 12934 0
78 140714 1 1 40204 1 0 40204 59 42
79 60300 0 0 40068 0 0 0 0 0
80 124 0 0 0 0 0 0 0 0
81 1116 0 0 0 0 0 124 0 0
82 390 1 1 130 0 0 130 0 0
83 260 0 0 130 3 0 130 1 0
84 130 0 0 130 0 0 0 0 0
85 390 0 0 260 4 0 130 88 0
86 130 0 0 0 0 0 130 94 0
88 40204 1 1 0 0 0 20102 1 0
93 262 0 0 0 0 0 131 0 0
95 262 0 0 0 0 0 131 0 0
99 393 0 0 131 0 0 0 0 0
124 262 1 1 0 0 0 0 0 0
128 134 0 0 0 0 0 0 0 0
129 390 1 1 0 0 0 65 0 0
130 536 0 0 134 120 0 134 32 7
131 10739 1 1 0 0 0 0 0 0
132 13700 0 0 6850 1724 0 6850 1704 316
133 335 0 0 134 4 0 134 67 0
135 380 0 0 0 0 0 63 0 0
139 63 0 0 0 0 0 0 0 0
141 252 1 1 0 0 0 63 0 0
142 496 0 0 62 0 0 124 0 0
144 441 1 1 189 117 0 126 29 29
145 126 0 0 0 0 0 0 0 0
146 549 0 0 0 0 0 61 0 0
148 252 0 0 126 60 0 126 63 0
150 429 1 1 411 50 0 412 51 51
164 524 0 0 0 0 0 131 122 0
166 28338 2 2 27403 3313 0 27403 3417 3417
168 20102 0 0 0 0 0 0 0 0
169 242796 1 1 182097 396 0 0 0 0
fn=rangeQuery
280 7016240 0 0 1002320 0 0 4009280 0 0
281 5011600 512 1 1002320 977006 0 0 0 0
282 402 0 0 0 0 0 0 0 0
284 1002320 1 1 0 0 0 1002320 0 0
285 1002320 0 0 0 0 0 1002320 0 0
286 7016240 0 0 4009280 0 0 5011600 4735 0
288 1002320 0 0 0 0 0 1002320 0 0
289 1002320 0 0 0 0 0 1002320 0 0
290 9020880 1 1 4009280 0 0 5011600 0 0
292 9005478 2 1 0 0 0 0 0 0
293 402374131 0 0 2004640 0 0 0 0 0
295 263575082 0 0 131787541 51071563 0 0 0 0
297 2004640 1 1 1002320 0 0 0 0 0
298 2931153 1 1 962678 2690 0 0 0 0
299 11552136 0 0 8664102 122647 0 8664102 196 0
302 9020880 0 0 6013920 0 0 0 0 0
fn=searchElement
219 40242 1 1 0 0 0 0 0 0
fn=searchElementOnDepth
224 663938 2 2 0 0 0 543222 0 0
225 60358 0 0 0 0 0 60358 0 0
226 181074 0 0 60358 24750 0 0 0 0
230 181071 0 0 0 0 0 60357 0 0
231 1080394 1 1 359126 57232 0 60357 0 0
232 119960 0 0 119960 0 0 0 0 0
233 1099472 0 0 0 0 0 0 0 0
234 119960 0 0 0 0 0 0 0 0
236 1785926 1 1 0 0 0 0 0 0
237 6553820 0 0 0 0 0 0 0 0
238 5411021 0 0 0 0 0 773003 458 0
245 1785944 0 0 0 0 0 237111 2 0
247 351453 0 0 0 0 0 0 0 0
249 239920 0 0 0 0 0 0 0 0
250 58012 0 0 29006 0 0 29006 0 0
253 181908 0 0 0 0 0 0 0 0
254 181908 0 0 90954 70407 3325 0 0 0
255 181908 0 0 90954 58308 0 0 0 0
262 120714 0 0 60357 0 0 60357 0 0
264 543222 2 2 422506 0 0 0 0 0
fn=searchElementOnDepth.constprop.0
223 20248730 2 2 0 0 0 16198984 30686 0
225 2024873 0 0 0 0 0 2024873 0 0
226 6074619 0 0 2024873 130 0 0 0 0
231 4049744 0 0 2024872 0 0 0 0 0
233 21127624 0 0 0 0 0 0 0 0
234 2024872 0 0 0 0 0 0 0 0
236 32581924 1 1 0 0 0 0 0 0
237 120642788 0 0 0 0 0 0 0 0
238 99862630 0 0 0 0 0 14266090 0 0
245 26665876 0 0 0 0 0 3123719 0 0
247 3296541 0 0 0 0 0 0 0 0
249 4049744 0 0 0 0 0 0 0 0
250 114 0 0 57 0 0 57 0 0
253 4049630 0 0 0 0 0 0 0 0
254 235536 0 0 78512 51526 0 0 0 0
255 4049630 0 0 2024815 981113 0 0 0 0
262 4049744 0 0 2024872 0 0 2024872 0 0
264 18223857 2 2 14174111 0 0 0 0 0
fl=/home/jan-pieter/git_repos/_School/AD3-project/src/utils/commandParser.c
fn=freeCommand
73 200000 0 0 0 0 0 100000 0 0
74 300000 0 0 100000 38611 0 0 0 0
75 59768 0 0 0 0 0 59768 0 0
77 200000 0 0 0 0 0 0 0 0
78 100000 0 0 100000 0 0 0 0 0
fn=parseCommand
9 700000 1 1 100000 62691 1 0 0 0
23 500000 1 1 0 0 0 500000 0 0
24 300000 0 0 0 0 0 100000 0 0
25 200000 0 0 100000 0 0 100000 0 0
26 100000 0 0 0 0 0 100000 0 0
27 4100000 0 0 0 0 0 0 0 0
28 7600000 0 0 1900000 0 0 3800000 0 0
29 100000 1 1 0 0 0 100000 0 0
30 400000 0 0 200000 0 0 0 0 0
31 20126 1 1 0 0 0 20126 0 0
32 40252 0 0 0 0 0 0 0 0
35 20126 0 0 0 0 0 0 0 0
37 60378 1 1 0 0 0 20126 0 0
38 40252 0 0 20126 0 0 20126 0 0
39 773674 1 1 0 0 0 0 0 0
40 138634 0 0 0 0 0 138634 0 0
41 436028 0 0 138634 0 0 138634 0 0
43 494158 0 0 0 0 0 0 0 0
48 20126 0 0 0 0 0 20126 0 0
49 40252 0 0 0 0 0 20126 0 0
51 159748 0 0 0 0 0 0 0 0
52 118926 0 0 0 0 0 39642 0 0
55 158568 0 0 0 0 0 79284 0 0
56 2299236 0 0 0 0 0 0 0 0
57 3012792 1 1 1506396 0 0 1506396 0 0
58 79284 0 0 39642 0 0 39642 0 0
59 79284 0 0 39642 0 0 39642 0 0
60 79284 0 0 0 0 0 0 0 0
65 160926 0 0 0 0 0 0 0 0
66 40232 0 0 0 0 0 40232 0 0
68 40232 0 0 0 0 0 40232 0 0
71 700000 1 1 600000 0 0 0 0 0
fl=/home/jan-pieter/git_repos/_School/AD3-project/src/utils/misc.c
fn=nullSafeMalloc
7 200415 1 1 0 0 0 0 0 0
9 200415 0 0 0 0 0 200415 0 0
10 400830 0 0 0 0 0 0 0 0
13 400830 0 0 200415 0 0 0 0 0
fl=???
fn=(below main)
0 58 6 5 16 2 0 17 0 0
fn=???
0 23033107 29 22 22717571 144055 0 33 1 1
fn=_Exit
0 9 2 2 1 1 0 0 0 0
fn=_IO_cleanup
0 209 13 13 65 1 0 36 0 0
fn=_IO_default_setbuf
0 102 4 4 18 0 0 30 0 0
fn=_IO_default_uflow
0 18692 2 2 5232 0 0 2990 0 0
fn=_IO_default_xsputn
0 5435 4 4 1123 0 0 943 75 0
fn=_IO_do_write@@GLIBC_2.2.5
0 1145 59 1 191 0 0 190 0 0
fn=_IO_doallocbuf
0 52 3 3 16 2 0 8 0 0
fn=_IO_file_doallocate
0 102 5 5 24 4 0 14 0 0
fn=_IO_file_overflow@@GLIBC_2.2.5
0 2440 7 7 701 5 0 313 4 0
fn=_IO_file_read
0 4482 1 1 1494 1 0 0 0 0
fn=_IO_file_setbuf@@GLIBC_2.2.5
0 32 2 2 6 0 0 16 0 0
fn=_IO_file_stat
0 10 1 1 2 0 0 0 0 0
fn=_IO_file_sync@@GLIBC_2.2.5
0 36 3 3 14 0 0 6 0 0
fn=_IO_file_underflow@@GLIBC_2.2.5
0 44836 756 10 14194 1494 0 10461 0 0
fn=_IO_file_write@@GLIBC_2.2.5
0 3515 58 3 760 91 0 475 93 0
fn=_IO_file_xsputn@@GLIBC_2.2.5
0 8523136 5 5 1854994 0 0 1499668 45722 0
fn=_IO_flush_all_lockp
0 124 11 11 36 12 1 21 1 1
fn=_IO_setb
0 56 1 1 14 2 0 14 0 0
fn=_IO_sputbackc
0 1900000 3 3 700000 1 0 300000 0 0
fn=_IO_switch_to_get_mode
0 18675 26 3 5976 0 0 5229 0 0
fn=__GI___close_nocancel
0 18 1 1 3 0 0 0 0 0
fn=__GI___tunables_init
0 19638 5 5 3858 29 29 6 1 1
fn=__call_tls_dtors
0 12 3 3 5 0 0 2 0 0
fn=__ctype_init
0 17 2 2 10 5 0 3 1 0
fn=__cxa_atexit
0 3 1 1 0 0 0 0 0 0
fn=__cxa_finalize
0 118 6 5 34 2 0 14 0 0
fn=__default_morecore
0 144 1 1 18 0 0 18 0 0
fn=__init_misc
0 25 2 2 7 1 0 5 1 0
fn=__internal_atexit
0 40 3 3 11 1 1 10 1 0
fn=__libc_csu_init
0 34 3 3 8 1 0 8 0 0
fn=__libc_scratch_buffer_set_array_size
0 36 3 3 10 0 0 6 0 0
fn=__memcpy_avx_unaligned_erms
0 7487463 11 11 1937349 650333 0 1737631 64321 11028
fn=__mempcpy_avx_unaligned_erms
0 630704 1 1 0 0 0 0 0 0
fn=__new_exitfn
0 32 4 4 8 2 0 5 0 0
fn=__open_nocancel
0 57 2 2 3 0 0 3 0 0
fn=__overflow
0 90 10 2 20 0 0 5 0 0
fn=__read_nocancel
0 48 1 1 8 0 0 0 0 0
fn=__run_exit_handlers
0 102 9 9 25 5 0 15 1 0
fn=__sigjmp_save
0 9 1 1 2 0 0 2 0 0
fn=__sigsetjmp
0 90 5 5 20 3 0 35 4 3
fn=__strchrnul_avx2
0 2232158 3 3 234964 38803 0 0 0 0
fn=__strcmp_avx2
0 504736154 7 7 98184339 13039531 41 0 0 0
fn=__strlen_avx2
0 1005240 3 3 120716 26745 2 0 0 0
fn=__strncpy_avx2
0 5792831 642 11 768727 8301 249 319535 65085 0
fn=__strrchr_avx2
0 28 4 4 2 1 0 0 0 0
fn=__tunable_get_val
0 371 4 2 76 16 0 19 0 0
fn=__uflow
0 26179 845 5 8228 1524 1 1497 0 0
fn=__unregister_atfork
0 34 3 3 14 1 1 2 0 0
fn=__vfprintf_internal
0 17399373 848 45 4591669 518053 5 3213100 244356 0
fn=_dl_add_to_namespace_list
0 109 2 2 29 4 1 23 1 1
fn=_dl_add_to_slotinfo
0 21 3 3 8 1 0 5 0 0
fn=_dl_addr
0 66742 10 10 14299 1099 919 17 1 0
fn=_dl_allocate_tls_init
0 85 6 6 26 5 0 14 1 1
fn=_dl_allocate_tls_storage
0 324 4 4 6 0 0 295 37 37
fn=_dl_cache_libcmp
0 700 3 3 110 10 10 0 0 0
fn=_dl_catch_error
0 23 2 2 7 0 0 7 0 0
fn=_dl_catch_exception
0 99 2 2 21 1 0 39 7 4
fn=_dl_cet_check
0 2 1 1 0 0 0 0 0 0
fn=_dl_check_all_versions
0 72 2 2 13 0 0 8 1 0
fn=_dl_check_map_versions
0 1901 18 18 641 38 23 225 26 19
fn=_dl_count_modids
0 6 2 2 3 0 0 0 0 0
fn=_dl_debug_initialize
0 45 6 3 13 2 0 4 0 0
fn=_dl_debug_state
0 4 0 0 2 0 0 0 0 0
fn=_dl_determine_tlsoffset
0 68 6 6 14 1 0 9 0 0
fn=_dl_discover_osversion
0 82 4 4 12 1 1 4 1 1
fn=_dl_dst_count
0 54 2 2 18 0 0 18 3 2
fn=_dl_find_dso_for_object
0 44 3 3 17 4 0 4 0 0
fn=_dl_fini
0 268 12 12 80 28 0 30 4 0
fn=_dl_fixup
0 890 6 6 319 69 3 71 0 0
fn=_dl_important_hwcaps
0 588 22 22 80 0 0 83 6 6
fn=_dl_init
0 78 5 5 24 5 0 11 0 0
fn=_dl_init_paths
0 104 9 9 12 0 0 30 2 2
fn=_dl_load_cache_lookup
0 316 17 17 56 13 12 32 2 2
fn=_dl_lookup_symbol_x
0 21720 11 11 4722 123 89 2421 21 2
fn=_dl_map_object
0 444 23 23 95 9 0 72 8 8
fn=_dl_map_object_deps
0 944 31 31 192 21 1 103 9 7
fn=_dl_map_object_from_fd
0 2215 52 51 502 19 17 243 28 25
fn=_dl_name_match_p
0 415 2 2 103 8 0 60 0 0
fn=_dl_new_object
0 609 13 13 105 5 4 118 23 23
fn=_dl_next_ld_env_entry
0 310 2 2 107 0 0 1 0 0
fn=_dl_next_tls_modid
0 7 2 2 3 1 0 1 0 0
fn=_dl_process_pt_note
0 188 11 11 48 0 0 27 2 1
fn=_dl_protect_relro
0 84 2 2 24 0 0 8 0 0
fn=_dl_receive_error
0 17 2 2 5 0 0 7 0 0
fn=_dl_relocate_object
0 29647 55 55 7421 746 648 2578 270 249
fn=_dl_runtime_resolve_xsave
0 451 4 4 528 5 0 550 38 10
fn=_dl_setup_hash
0 96 2 2 28 4 4 24 1 1
fn=_dl_sort_maps
0 371 18 9 105 2 0 48 0 0
fn=_dl_start
0 1072 20 19 255 40 38 87 38 38
fn=_dl_sysdep_read_whole_file
0 43 3 3 6 1 1 9 1 1
fn=_dl_sysdep_start
0 616 33 32 142 17 15 79 7 7
fn=_dl_sysdep_start_cleanup
0 2 1 1 1 0 0 0 0 0
fn=_dl_unload_cache
0 11 1 1 3 1 0 2 0 0
fn=_dl_vdso_vsym
0 56 2 2 24 4 0 4 0 0
fn=_fxstat
0 55 3 3 5 0 0 0 0 0
fn=_init
0 106 6 6 16 6 0 17 4 4
fn=_int_free
0 12443481 77 20 3661938 182278 0 2195750 138 0
fn=_int_malloc
0 1628178 839 51 291956 38659 1 356588 6190 734
fn=_itoa_word
0 2375714 4 3 175357 37652 1 135715 0 0
fn=_setjmp
0 3 1 1 0 0 0 0 0 0
fn=_start
0 12 2 2 2 1 0 3 0 0
fn=access
0 9 1 1 1 0 0 1 0 0
fn=allocate_dtv
0 19 2 2 4 0 0 5 0 0
fn=bcmp
0 13 2 2 5 0 0 0 0 0
fn=brk
0 164 4 4 29 0 0 15 1 1
fn=call_init.part.0
0 166 4 4 59 16 0 29 0 0
fn=calloc
0 72 2 2 0 0 0 0 0 0
fn=check_match
0 5600 5 5 1860 84 18 633 7 1
fn=check_stdfiles_vtables
0 12 2 2 7 3 0 0 0 0
fn=dl_cet_check
0 31 4 4 9 0 0 6 0 0
fn=dl_main
0 1173 72 72 303 58 26 138 22 18
fn=do_lookup_x
0 26494 16 16 8593 384 138 4342 22 6
fn=do_preload
0 28 2 2 7 0 0 8 0 0
fn=dso_name_valid_for_suid
0 11 1 1 4 0 0 1 0 0
fn=exit
0 6 1 1 0 0 0 1 0 0
fn=expand_dynamic_string_token
0 18 2 2 5 0 0 6 0 0
fn=free
0 4508525 3 3 1092019 211690 0 0 0 0
fn=get_common_indices.constprop.0
0 97 8 8 14 0 0 21 1 1
fn=getc
0 56725826 4 4 22059711 165362 63 9454055 0 0
fn=gettimeofday
0 67 4 4 4 0 0 4 0 0
fn=handle_intel.constprop.0
0 177 5 5 36 0 0 45 0 0
fn=handle_preload_list
0 55 3 3 11 1 0 12 2 2
fn=index
0 177 5 5 24 4 4 0 0 0
fn=init_cacheinfo
0 246 15 15 20 2 0 21 3 3
fn=init_tls
0 70 5 5 15 7 1 13 0 0
fn=intel_check_word.isra.0
0 1298 8 8 111 6 6 24 0 0
fn=lseek
0 36 1 1 6 0 0 0 0 0
fn=malloc
0 8399687 11 11 2404844 59158 0 1181530 131 1
fn=malloc_consolidate
0 444635 6 6 98545 25081 0 83536 38 0
fn=malloc_hook_ini
0 12 2 2 3 1 1 3 0 0
fn=malloc_init_state
0 647 2 2 1 0 0 257 34 33
fn=map_doit
0 15 2 2 5 0 0 3 0 0
fn=memchr
0 10 1 1 3 0 0 0 0 0
fn=memcpy
0 275 4 4 73 4 1 51 10 10
fn=memcpy@@GLIBC_2.14
0 34 4 2 10 2 0 0 0 0
fn=memmove
0 51 2 2 15 4 0 0 0 0
fn=mempcpy
0 49 2 2 5 0 0 0 0 0
fn=memrchr
0 10 2 2 3 0 0 0 0 0
fn=memset
0 516 8 6 15 0 0 218 50 50
fn=mmap
0 206 2 2 33 0 0 22 0 0
fn=mprotect
0 30 1 1 5 0 0 0 0 0
fn=munmap
0 6 0 0 1 0 0 0 0 0
fn=new_do_write
0 5510 6 5 1615 94 0 1235 85 0
fn=open_verify.constprop.0
0 547 19 19 123 22 20 43 4 4
fn=openaux
0 36 1 1 16 0 0 6 1 0
fn=printf
0 1762230 6 4 352446 77123 0 646151 0 0
fn=ptmalloc_init.part.0
0 79 7 7 11 5 1 18 3 0
fn=puts
0 1584979 8 7 591724 10022 2 253592 300 5
fn=rawmemchr
0 10 2 2 3 0 0 0 0 0
fn=read
0 5976 747 1 1494 0 0 0 0 0
fn=rindex
0 10 1 1 3 0 0 0 0 0
fn=rtld_lock_default_lock_recursive
0 15 2 1 10 3 1 0 0 0
fn=rtld_lock_default_unlock_recursive
0 15 0 0 10 1 0 0 0 0
fn=sbrk
0 495 16 5 131 39 1 70 12 0
fn=stpcpy
0 9 1 1 3 0 0 0 0 0
fn=stpncpy
0 9 2 2 3 0 0 0 0 0
fn=strcasecmp
0 6 2 2 3 0 0 0 0 0
fn=strcasecmp_l
0 6 1 1 3 0 0 0 0 0
fn=strcat
0 9 2 2 3 0 0 0 0 0
fn=strchrnul
0 10 1 1 3 0 0 0 0 0
fn=strcmp
0 5988 44 40 1286 91 34 0 0 0
fn=strcpy
0 9 1 1 3 0 0 0 0 0
fn=strcspn
0 227 4 4 103 2 2 34 4 4
fn=strdup
0 36 1 1 4 0 0 8 1 1
fn=strlen
0 315 7 4 46 4 3 0 0 0
fn=strncasecmp
0 6 1 1 3 0 0 0 0 0
fn=strncasecmp_l
0 6 2 2 3 0 0 0 0 0
fn=strncmp
0 9 2 2 3 0 0 0 0 0
fn=strncpy
0 18 3 2 6 1 0 0 0 0
fn=strnlen
0 20 2 2 6 0 0 0 0 0
fn=strpbrk
0 7 1 1 3 0 0 0 0 0
fn=strspn
0 7 1 1 3 0 0 0 0 0
fn=sysmalloc
0 1307 17 17 294 46 2 226 31 12
fn=systrim.isra.0.constprop.0
0 429 3 3 153 36 0 68 0 0
fn=tcache_init.part.0
0 114 4 4 9 0 0 84 9 9
fn=time
0 67 4 4 4 1 1 4 0 0
fn=uname
0 6 1 1 1 0 0 0 0 0
fn=ungetc
0 1600000 2 2 400000 0 0 300000 0 0
fn=unlink_chunk.isra.0
0 196842 2 2 76634 21913 0 21728 0 0
fn=version_check_doit
0 11 1 1 4 0 0 2 0 0
fn=wcschr
0 20 1 1 6 0 0 0 0 0
fn=wcscmp
0 10 1 1 3 0 0 0 0 0
fn=wcscpy
0 7 1 1 3 0 0 0 0 0
fn=wcslen
0 10 2 2 3 0 0 0 0 0
fn=wcsnlen
0 9 2 2 3 0 0 0 0 0
fn=wmemchr
0 20 1 1 6 0 0 0 0 0
fn=wmemcmp
0 13 2 2 5 0 0 0 0 0
fn=wmemset
0 34 2 2 6 0 0 0 0 0
fn=write
0 855 95 1 190 0 0 0 0 0
summary: 1824952814 6887 1235 353494324 68800097 5769 97691626 510180 16498
