desc: I1 cache:         32768 B, 64 B, 8-way associative
desc: D1 cache:         8192 B, 64 B, 8-way associative
desc: LL cache:         6291456 B, 64 B, 12-way associative
cmd: ./history
events: Ir I1mr ILmr Dr D1mr DLmr Dw D1mw DLmw 
fl=/home/jan-pieter/git_repos/_School/AD3-project/src/main.c
fn=main
9 9 2 2 1 0 0 6 0 0
13 3 0 0 1 1 0 2 0 0
16 3 0 0 0 0 0 1 0 0
17 200003 0 0 1 0 0 0 0 0
18 200000 1 1 100000 1 0 100000 0 0
19 300000 0 0 0 0 0 100000 0 0
21 300000 0 0 100000 0 0 0 0 0
23 100000 0 0 0 0 0 25000 0 0
24 75000 0 0 25000 0 0 25000 0 0
25 125000 1 1 0 0 0 50000 0 0
26 75000 0 0 25000 0 0 25000 0 0
27 75000 0 0 0 0 0 25000 0 0
28 100000 0 0 50000 0 0 50000 0 0
29 100000 0 0 0 0 0 25000 0 0
30 75000 1 1 0 0 0 25000 0 0
32 150000 0 0 0 0 0 0 0 0
34 100000 1 1 0 0 0 25000 0 0
35 200000 1 1 100000 0 0 125000 0 0
37 100000 0 0 0 0 0 0 0 0
39 100000 1 1 0 0 0 25000 0 0
41 25000 0 0 0 0 0 25000 0 0
42 200000 0 0 100000 0 0 125000 0 0
44 193565 1 1 72426 0 0 0 0 0
45 94852 0 0 0 0 0 23713 0 0
47 3861 0 0 0 0 0 1287 0 0
49 50000 0 0 0 0 0 0 0 0
52 125002 0 0 0 0 0 25000 0 0
53 125000 0 0 25000 0 0 25000 0 0
57 125000 2 1 0 0 0 25000 0 0
58 325000 1 0 200000 0 0 225000 0 0
62 100000 0 0 0 0 0 25000 0 0
67 200000 0 0 0 0 0 100000 4 0
68 300000 0 0 100000 4522 0 100000 0 0
70 2 0 0 0 0 0 1 0 0
72 11 0 0 8 2 0 0 0 0
fl=/home/jan-pieter/git_repos/_School/AD3-project/src/utils/btree.c
fn=addToBtree
36 3 0 0 0 0 0 1 0 0
38 1 0 0 0 0 0 1 0 0
60 2 0 0 0 0 0 1 0 0
64 50290 3 2 0 0 0 25145 0 0
67 120 0 0 48 0 0 24 0 0
68 24 0 0 0 0 0 24 0 0
172 350000 1 1 75000 0 0 175000 0 0
173 75000 0 0 50000 0 0 25000 0 0
174 50000 0 0 0 0 0 50000 0 0
176 75000 0 0 25000 0 0 0 0 0
178 24 0 0 24 0 0 0 0 0
182 49952 1 1 24976 0 0 24976 0 0
185 224784 0 0 99904 0 0 124880 0 0
186 149856 0 0 0 0 0 24976 0 0
187 125556 2 2 170 161 0 0 0 0
189 169 0 0 0 0 0 169 0 0
190 169 0 0 0 0 0 169 0 0
191 1352 0 0 676 2 0 845 0 0
192 1014 0 0 0 0 0 169 0 0
203 4 0 0 2 0 0 2 0 0
204 3 0 0 2 0 0 1 1 0
205 1 0 0 1 0 0 0 0 0
206 2 0 0 0 0 0 1 0 0
207 1 0 0 0 0 0 1 0 0
208 1 0 0 0 0 0 1 1 0
213 24976 0 0 0 0 0 0 0 0
214 300000 1 1 225000 1769 0 0 0 0
219 325000 1 1 0 0 0 200000 0 0
fn=allocateBtree
35 1 1 1 0 0 0 0 0 0
36 2 0 0 0 0 0 1 0 0
37 1 0 0 0 0 0 1 1 1
38 1 1 1 0 0 0 1 0 0
39 2 0 0 0 0 0 1 0 0
41 2 0 0 1 0 0 0 0 0
fn=allocateTempBtree
44 25000 0 0 0 0 0 0 0 0
45 50000 0 0 0 0 0 25000 0 0
46 50000 0 0 0 0 0 25000 74 0
49 50000 0 0 25000 0 0 0 0 0
fn=deleteElement
67 12466 0 0 0 0 0 12466 0 0
68 12466 0 0 0 0 0 12466 0 0
219 325000 0 0 50000 0 0 175000 0 0
267 125000 0 0 25000 0 0 50000 0 0
268 75000 0 0 50000 0 0 25000 0 0
269 25000 1 1 0 0 0 25000 0 0
270 50000 0 0 0 0 0 50000 0 0
271 149850 0 0 49950 0 0 0 0 0
274 37398 0 0 0 0 0 12466 0 0
276 25068 1 1 0 0 0 12534 0 0
277 150000 1 1 100000 0 0 0 0 0
fn=freeBtree
52 4 1 1 0 0 0 2 0 0
53 1028 0 0 171 171 0 171 0 0
55 685 0 0 171 1 0 0 0 0
56 850 0 0 170 85 0 170 0 0
57 2 0 0 1 1 0 0 0 0
58 345 0 0 0 0 0 0 0 0
59 171 1 1 171 159 0 0 0 0
60 2 0 0 0 0 0 0 0 0
61 3 0 0 2 1 0 0 0 0
fn=freeBtree.part.0
52 684 1 1 0 0 0 342 0 0
55 100079 1 1 24977 151 0 0 0 0
56 124030 0 0 24806 12416 0 24806 0 0
57 342 0 0 171 171 0 0 0 0
60 342 0 0 0 0 0 0 0 0
61 513 0 0 342 0 0 0 0 0
fn=freeTempBtree
64 25000 1 1 0 0 0 0 0 0
fn=insertTempBtreeInBtree
36 1020 1 1 0 0 0 340 0 0
37 340 0 0 0 0 0 340 340 220
38 340 1 1 0 0 0 340 0 0
45 510 0 0 0 0 0 170 0 0
46 340 0 0 0 0 0 170 160 0
73 301740 1 1 25145 0 0 176015 0 0
74 25145 0 0 25145 0 0 0 0 0
75 75435 0 0 25145 0 0 0 0 0
76 74925 1 1 0 0 0 0 0 0
77 495800 1 1 0 0 0 49580 94 0
78 174825 1 1 49950 1 0 49950 16 12
79 74919 0 0 49765 0 0 0 0 0
80 163 1 1 0 0 0 0 0 0
81 1467 0 0 0 0 0 163 0 0
82 507 0 0 169 0 0 169 0 0
83 338 0 0 169 0 0 169 0 0
84 169 0 0 169 0 0 0 0 0
85 507 0 0 338 2 0 169 160 0
86 169 0 0 0 0 0 169 166 0
88 49950 1 1 0 0 0 24975 1 0
93 340 0 0 0 0 0 170 0 0
95 340 0 0 0 0 0 170 0 0
99 510 0 0 170 1 0 0 0 0
124 340 1 1 0 0 0 0 0 0
128 164 0 0 0 0 0 0 0 0
129 480 1 1 0 0 0 80 1 0
130 656 0 0 164 142 0 164 41 15
131 12255 1 1 0 0 0 0 0 0
132 15588 0 0 7794 1952 0 7794 1936 557
133 410 0 0 164 13 0 164 164 0
135 520 0 0 0 0 0 86 0 0
139 86 0 0 0 0 0 0 0 0
141 344 1 1 0 0 0 86 72 0
142 680 0 0 85 0 0 170 0 0
144 602 1 1 258 160 0 172 43 43
145 172 0 0 0 0 0 0 0 0
146 765 0 0 0 0 0 85 0 0
148 344 0 0 172 15 0 172 172 0
150 858 1 1 822 100 0 824 102 102
164 680 0 0 0 0 0 170 2 0
166 34692 2 2 33538 3976 0 33538 4182 4182
168 24975 0 0 0 0 0 0 0 0
169 301740 1 1 226305 525 0 0 0 0
fn=rangeQuery
280 7707910 0 0 1101130 0 0 4404520 0 0
281 5505650 2 1 1101130 1100332 0 0 0 0
282 257 0 0 0 0 0 0 0 0
284 1101130 1 1 0 0 0 1101130 0 0
285 1101130 0 0 0 0 0 1101130 0 0
286 7707910 0 0 4404520 0 0 5505650 25749 0
288 1101130 0 0 0 0 0 1101130 0 0
289 1101130 0 0 0 0 0 1101130 0 0
290 9910170 1 1 4404520 0 0 5505650 0 0
292 9905361 2 1 0 0 0 0 0 0
293 474406535 0 0 2202260 0 0 0 0 0
295 311133314 0 0 155566657 62086494 0 0 0 0
297 2202260 0 0 1101130 0 0 0 0 0
298 3254222 1 1 1076130 0 0 0 0 0
299 12913560 1 1 9685170 159968 0 9685170 0 0
302 9910170 0 0 6606780 0 0 0 0 0
fn=searchElement
219 50000 0 0 0 0 0 0 0 0
fn=searchElementOnDepth
224 825000 2 2 0 0 0 675000 9 0
225 75000 0 0 0 0 0 75000 0 0
226 225000 0 0 75000 4138 0 0 0 0
230 224997 0 0 0 0 0 74999 0 0
231 1346630 2 2 448318 71493 0 74999 0 0
232 149579 0 0 149579 0 0 0 0 0
233 1434643 0 0 0 0 0 0 0 0
234 149579 0 0 0 0 0 0 0 0
236 2380156 1 1 0 0 0 0 0 0
237 8816945 0 0 0 0 0 0 0 0
238 7283493 0 0 0 0 0 1040499 0 0
245 2235285 0 0 0 0 0 297250 0 0
247 443013 0 0 0 0 0 0 0 0
249 299158 0 0 0 0 0 0 0 0
250 72424 0 0 36212 0 0 36212 0 0
253 226734 0 0 0 0 0 0 0 0
254 226734 0 0 113367 86661 4318 0 0 0
255 226734 0 0 113367 45122 0 0 0 0
262 149998 0 0 74999 0 0 74999 0 0
264 675000 2 2 525000 0 0 0 0 0
fn=searchElementOnDepth.constprop.0
223 22274050 2 2 0 0 0 17819240 18262 0
225 2227405 0 0 0 0 0 2227405 0 0
226 6682215 0 0 2227405 169 0 0 0 0
231 4454808 0 0 2227404 0 0 0 0 0
233 23298552 0 0 0 0 0 0 0 0
234 2227404 0 0 0 0 0 0 0 0
236 35822792 1 1 0 0 0 0 0 0
237 132666404 0 0 0 0 0 0 0 0
238 109787944 0 0 0 0 0 15683992 0 0
245 29203440 0 0 0 0 0 3402905 0 0
247 3526503 0 0 0 0 0 0 0 0
249 4454808 0 0 0 0 0 0 0 0
250 156 0 0 78 0 0 78 0 0
253 4454652 0 0 0 0 0 0 0 0
254 150504 0 0 50168 45176 0 0 0 0
255 4454652 0 0 2227326 1100728 0 0 0 0
262 4454808 0 0 2227404 0 0 2227404 0 0
264 20046645 2 2 15591835 0 0 0 0 0
fl=/home/jan-pieter/git_repos/_School/AD3-project/src/utils/commandParser.c
fn=freeCommand
73 200000 0 0 0 0 0 100000 0 0
74 300000 0 0 100000 27925 0 0 0 0
75 50000 0 0 0 0 0 50000 0 0
77 200000 0 0 0 0 0 0 0 0
78 100000 0 0 100000 0 0 0 0 0
fn=parseCommand
9 700000 1 1 100000 31660 1 0 0 0
23 500000 1 1 0 0 0 500000 0 0
24 300000 0 0 0 0 0 100000 0 0
25 200000 0 0 100000 0 0 100000 0 0
26 100000 0 0 0 0 0 100000 0 0
27 4100000 0 0 0 0 0 0 0 0
28 7600000 0 0 1900000 0 0 3800000 0 0
29 100000 1 1 0 0 0 100000 0 0
30 400000 0 0 200000 0 0 0 0 0
31 25000 1 1 0 0 0 25000 0 0
32 50000 0 0 0 0 0 0 0 0
35 25000 0 0 0 0 0 0 0 0
37 75000 1 1 0 0 0 25000 0 0
38 50000 0 0 25000 0 0 25000 0 0
39 961040 1 1 0 0 0 0 0 0
40 172208 0 0 0 0 0 172208 0 0
41 541624 0 0 172208 0 0 172208 0 0
43 613832 0 0 0 0 0 0 0 0
48 25000 0 0 0 0 0 25000 0 0
49 50000 0 0 0 0 0 25000 0 0
51 150000 0 0 0 0 0 0 0 0
52 75000 0 0 0 0 0 25000 0 0
55 100000 0 0 0 0 0 50000 0 0
56 1450000 0 0 0 0 0 0 0 0
57 1900000 1 1 950000 0 0 950000 24831 0
58 50000 0 0 25000 0 0 25000 0 0
59 50000 0 0 25000 0 0 25000 0 0
60 50003 0 0 0 0 0 0 0 0
65 200000 0 0 0 0 0 0 0 0
66 50000 0 0 0 0 0 50000 0 0
68 50000 0 0 0 0 0 50000 0 0
71 700000 1 1 600000 0 0 0 0 0
fl=/home/jan-pieter/git_repos/_School/AD3-project/src/utils/misc.c
fn=nullSafeMalloc
7 200512 1 1 0 0 0 0 0 0
9 200512 0 0 0 0 0 200512 0 0
10 401024 0 0 0 0 0 0 0 0
13 401024 0 0 200512 0 0 0 0 0
fl=???
fn=(below main)
0 58 6 5 16 2 0 17 0 0
fn=???
0 24750486 29 22 24455523 77495 0 33 2 2
fn=_Exit
0 9 2 2 1 1 0 0 0 0
fn=_IO_cleanup
0 209 13 13 65 1 0 36 0 0
fn=_IO_default_setbuf
0 102 4 4 18 0 0 30 0 0
fn=_IO_default_uflow
0 17117 2 2 4791 1 0 2738 0 0
fn=_IO_default_xsputn
0 5351 4 4 1105 0 0 931 86 0
fn=_IO_do_write@@GLIBC_2.2.5
0 1133 3 1 189 0 0 188 0 0
fn=_IO_doallocbuf
0 52 3 3 16 3 0 8 0 0
fn=_IO_file_doallocate
0 102 5 5 24 4 0 14 1 0
fn=_IO_file_overflow@@GLIBC_2.2.5
0 2460 7 7 704 7 0 316 7 0
fn=_IO_file_read
0 4104 1 1 1368 1 0 0 0 0
fn=_IO_file_setbuf@@GLIBC_2.2.5
0 32 2 2 6 0 0 16 0 0
fn=_IO_file_stat
0 10 1 1 2 0 0 0 0 0
fn=_IO_file_sync@@GLIBC_2.2.5
0 36 3 3 14 0 0 6 0 0
fn=_IO_file_underflow@@GLIBC_2.2.5
0 41056 11 10 12997 1364 0 9579 0 0
fn=_IO_file_write@@GLIBC_2.2.5
0 3478 5 3 752 88 0 470 86 0
fn=_IO_file_xsputn@@GLIBC_2.2.5
0 7726133 5 5 1649608 0 0 1329512 25393 0
fn=_IO_flush_all_lockp
0 124 11 11 36 12 1 21 1 1
fn=_IO_setb
0 56 1 1 14 2 0 14 0 0
fn=_IO_sputbackc
0 1900000 3 3 700000 1 0 300000 0 0
fn=_IO_switch_to_get_mode
0 17100 3 3 5472 0 0 4788 0 0
fn=__GI___close_nocancel
0 18 1 1 3 0 0 0 0 0
fn=__GI___tunables_init
0 19638 5 5 3858 28 28 6 1 1
fn=__call_tls_dtors
0 12 3 3 5 0 0 2 0 0
fn=__ctype_init
0 17 2 2 10 5 0 3 1 0
fn=__cxa_atexit
0 3 1 1 0 0 0 0 0 0
fn=__cxa_finalize
0 118 6 5 34 2 0 14 0 0
fn=__default_morecore
0 272 1 1 34 0 0 34 1 0
fn=__init_misc
0 25 2 2 7 1 0 5 1 0
fn=__internal_atexit
0 40 3 3 11 1 1 10 1 0
fn=__libc_csu_init
0 34 3 3 8 1 0 8 0 0
fn=__libc_scratch_buffer_set_array_size
0 36 3 3 10 1 0 6 0 0
fn=__memcpy_avx_unaligned_erms
0 8739255 12 12 2325097 818330 0 2125238 52610 14133
fn=__mempcpy_avx_unaligned_erms
0 589564 0 0 0 0 0 0 0 0
fn=__new_exitfn
0 32 4 4 8 2 0 5 0 0
fn=__open_nocancel
0 57 2 2 3 0 0 3 1 1
fn=__overflow
0 126 2 2 28 0 0 7 0 0
fn=__read_nocancel
0 48 1 1 8 0 0 0 0 0
fn=__run_exit_handlers
0 102 9 9 25 5 0 15 0 0
fn=__sigjmp_save
0 9 1 1 2 0 0 2 0 0
fn=__sigsetjmp
0 90 5 5 20 3 0 35 4 3
fn=__strchrnul_avx2
0 1851094 3 3 194852 24633 0 0 0 0
fn=__strcmp_avx2
0 577592729 7 7 108940792 14536900 135 0 0 0
fn=__strlen_avx2
0 1297312 3 3 150000 25937 2 0 0 0
fn=__strncpy_avx2
0 5449995 12 11 724995 0 0 299995 25386 0
fn=__strrchr_avx2
0 28 4 4 2 1 0 0 0 0
fn=__tunable_get_val
0 371 4 2 76 16 0 19 0 0
fn=__uflow
0 23974 6 5 7535 1546 1 1371 0 0
fn=__unregister_atfork
0 34 3 3 14 1 1 2 0 0
fn=__vfprintf_internal
0 13901915 52 45 3642614 322343 5 2633076 148290 0
fn=_dl_add_to_namespace_list
0 109 2 2 29 4 1 23 1 1
fn=_dl_add_to_slotinfo
0 21 3 3 8 1 0 5 0 0
fn=_dl_addr
0 66742 10 10 14299 1099 919 17 3 0
fn=_dl_allocate_tls_init
0 85 6 6 26 4 0 14 1 1
fn=_dl_allocate_tls_storage
0 324 4 4 6 0 0 295 37 37
fn=_dl_cache_libcmp
0 700 3 3 110 10 10 0 0 0
fn=_dl_catch_error
0 23 2 2 7 0 0 7 0 0
fn=_dl_catch_exception
0 99 2 2 21 2 0 39 6 4
fn=_dl_cet_check
0 2 1 1 0 0 0 0 0 0
fn=_dl_check_all_versions
0 72 2 2 13 0 0 8 1 0
fn=_dl_check_map_versions
0 1901 18 18 641 38 23 225 25 18
fn=_dl_count_modids
0 6 2 2 3 0 0 0 0 0
fn=_dl_debug_initialize
0 45 6 3 13 2 0 4 0 0
fn=_dl_debug_state
0 4 0 0 2 0 0 0 0 0
fn=_dl_determine_tlsoffset
0 68 6 6 14 1 0 9 0 0
fn=_dl_discover_osversion
0 82 4 4 12 1 1 4 1 1
fn=_dl_dst_count
0 54 2 2 18 0 0 18 2 2
fn=_dl_find_dso_for_object
0 44 3 3 17 4 0 4 0 0
fn=_dl_fini
0 268 12 12 80 28 0 30 4 0
fn=_dl_fixup
0 890 6 6 319 91 3 71 0 0
fn=_dl_important_hwcaps
0 588 22 22 80 0 0 83 6 6
fn=_dl_init
0 78 5 5 24 5 0 11 0 0
fn=_dl_init_paths
0 104 9 9 12 0 0 30 2 2
fn=_dl_load_cache_lookup
0 316 17 17 56 13 12 32 2 2
fn=_dl_lookup_symbol_x
0 21720 11 11 4722 127 89 2421 29 2
fn=_dl_map_object
0 444 23 23 95 9 0 72 6 6
fn=_dl_map_object_deps
0 944 31 31 192 21 1 103 10 7
fn=_dl_map_object_from_fd
0 2215 52 51 502 19 17 243 27 24
fn=_dl_name_match_p
0 415 2 2 103 8 0 60 2 2
fn=_dl_new_object
0 609 13 13 105 5 4 118 24 24
fn=_dl_next_ld_env_entry
0 310 2 2 107 0 0 1 0 0
fn=_dl_next_tls_modid
0 7 2 2 3 1 0 1 0 0
fn=_dl_process_pt_note
0 188 11 11 48 0 0 27 3 2
fn=_dl_protect_relro
0 84 2 2 24 0 0 8 0 0
fn=_dl_receive_error
0 17 2 2 5 0 0 7 0 0
fn=_dl_relocate_object
0 29647 55 55 7421 749 648 2578 271 249
fn=_dl_runtime_resolve_xsave
0 451 4 4 528 5 0 550 60 10
fn=_dl_setup_hash
0 96 2 2 28 4 4 24 1 1
fn=_dl_sort_maps
0 371 18 9 105 2 0 48 1 0
fn=_dl_start
0 1072 20 19 255 39 38 87 37 37
fn=_dl_sysdep_read_whole_file
0 43 3 3 6 1 1 9 1 1
fn=_dl_sysdep_start
0 616 33 32 142 19 16 79 8 8
fn=_dl_sysdep_start_cleanup
0 2 1 1 1 0 0 0 0 0
fn=_dl_unload_cache
0 11 1 1 3 1 0 2 0 0
fn=_dl_vdso_vsym
0 56 2 2 24 4 0 4 0 0
fn=_fxstat
0 55 3 3 5 0 0 0 0 0
fn=_init
0 106 6 6 16 6 0 17 4 4
fn=_int_free
0 12747058 22 20 3738049 119742 0 2182552 476 0
fn=_int_malloc
0 3814618 58 54 698958 22562 1 776133 13166 3632
fn=_itoa_word
0 1619416 4 3 119244 24621 1 94244 0 0
fn=_setjmp
0 3 1 1 0 0 0 0 0 0
fn=_start
0 12 2 2 2 1 0 3 0 0
fn=access
0 9 1 1 1 0 0 1 0 0
fn=allocate_dtv
0 19 2 2 4 0 0 5 0 0
fn=bcmp
0 13 2 2 5 0 0 0 0 0
fn=brk
0 252 4 4 45 0 0 23 1 1
fn=call_init.part.0
0 166 4 4 59 16 0 29 0 0
fn=calloc
0 72 2 2 0 0 0 0 0 0
fn=check_match
0 5600 5 5 1860 86 18 633 8 0
fn=check_stdfiles_vtables
0 12 2 2 7 3 0 0 0 0
fn=dl_cet_check
0 31 4 4 9 0 0 6 0 0
fn=dl_main
0 1173 72 72 303 57 26 138 22 18
fn=do_lookup_x
0 26494 16 16 8593 410 138 4342 30 7
fn=do_preload
0 28 2 2 7 0 0 8 0 0
fn=dso_name_valid_for_suid
0 11 1 1 4 0 0 1 0 0
fn=exit
0 6 1 1 0 0 0 1 0 0
fn=expand_dynamic_string_token
0 18 2 2 5 0 0 6 0 0
fn=free
0 4585172 3 3 1114887 154560 0 0 0 0
fn=get_common_indices.constprop.0
0 97 8 8 14 0 0 21 1 1
fn=getc
0 52147022 4 4 20279093 126365 63 8690942 0 0
fn=gettimeofday
0 67 4 4 4 0 0 4 0 0
fn=handle_intel.constprop.0
0 177 5 5 36 0 0 45 0 0
fn=handle_preload_list
0 55 3 3 11 0 0 12 1 1
fn=index
0 177 5 5 24 3 3 0 0 0
fn=init_cacheinfo
0 246 15 15 20 2 0 21 3 3
fn=init_tls
0 70 5 5 15 7 1 13 0 0
fn=intel_check_word.isra.0
0 1298 8 8 111 6 6 24 0 0
fn=lseek
0 36 1 1 6 0 0 0 0 0
fn=malloc
0 8462145 11 11 2405930 26465 0 1156048 0 0
fn=malloc_consolidate
0 1038472 6 6 230170 59087 0 193378 306 0
fn=malloc_hook_ini
0 12 2 2 3 1 1 3 0 0
fn=malloc_init_state
0 647 2 2 1 0 0 257 34 33
fn=map_doit
0 15 2 2 5 0 0 3 1 1
fn=memchr
0 10 1 1 3 0 0 0 0 0
fn=memcpy
0 275 4 4 73 4 1 51 11 11
fn=memcpy@@GLIBC_2.14
0 34 4 2 10 2 0 0 0 0
fn=memmove
0 51 2 2 15 4 0 0 0 0
fn=mempcpy
0 49 2 2 5 0 0 0 0 0
fn=memrchr
0 10 2 2 3 0 0 0 0 0
fn=memset
0 516 8 6 15 0 0 218 50 50
fn=mmap
0 206 2 2 33 0 0 22 0 0
fn=mprotect
0 30 1 1 5 0 0 0 0 0
fn=munmap
0 6 0 0 1 0 0 0 0 0
fn=new_do_write
0 5452 5 5 1598 92 0 1222 93 0
fn=open_verify.constprop.0
0 547 19 19 123 22 20 43 3 3
fn=openaux
0 36 1 1 16 0 0 6 1 0
fn=printf
0 1461390 5 4 292278 49292 0 535843 2 0
fn=ptmalloc_init.part.0
0 79 7 7 11 4 1 18 2 0
fn=puts
0 1971531 8 7 736036 51 2 315438 401 0
fn=rawmemchr
0 10 2 2 3 0 0 0 0 0
fn=read
0 5472 2 1 1368 0 0 0 0 0
fn=rindex
0 10 1 1 3 0 0 0 0 0
fn=rtld_lock_default_lock_recursive
0 15 2 1 10 3 1 0 0 0
fn=rtld_lock_default_unlock_recursive
0 15 0 0 10 1 0 0 0 0
fn=sbrk
0 883 7 5 243 63 1 126 0 0
fn=stpcpy
0 9 1 1 3 0 0 0 0 0
fn=stpncpy
0 9 2 2 3 0 0 0 0 0
fn=strcasecmp
0 6 2 2 3 0 0 0 0 0
fn=strcasecmp_l
0 6 1 1 3 0 0 0 0 0
fn=strcat
0 9 2 2 3 0 0 0 0 0
fn=strchrnul
0 10 1 1 3 0 0 0 0 0
fn=strcmp
0 5988 41 40 1286 95 34 0 0 0
fn=strcpy
0 9 1 1 3 0 0 0 0 0
fn=strcspn
0 227 4 4 103 2 2 34 4 4
fn=strdup
0 36 1 1 4 0 0 8 1 1
fn=strlen
0 315 7 4 46 4 3 0 0 0
fn=strncasecmp
0 6 1 1 3 0 0 0 0 0
fn=strncasecmp_l
0 6 2 2 3 0 0 0 0 0
fn=strncmp
0 9 2 2 3 0 0 0 0 0
fn=strncpy
0 18 3 2 6 1 0 0 0 0
fn=strnlen
0 20 2 2 6 0 0 0 0 0
fn=strpbrk
0 7 1 1 3 0 0 0 0 0
fn=strspn
0 7 1 1 3 0 0 0 0 0
fn=sysmalloc
0 1771 17 17 398 74 2 306 46 17
fn=systrim.isra.0.constprop.0
0 512 3 3 180 46 0 80 0 0
fn=tcache_init.part.0
0 114 4 4 9 0 0 84 9 9
fn=time
0 67 4 4 4 1 1 4 0 0
fn=uname
0 6 1 1 1 0 0 0 0 0
fn=ungetc
0 1600000 2 2 400000 0 0 300000 0 0
fn=unlink_chunk.isra.0
0 440685 2 2 171375 45086 0 48636 0 0
fn=version_check_doit
0 11 1 1 4 0 0 2 0 0
fn=wcschr
0 20 1 1 6 0 0 0 0 0
fn=wcscmp
0 10 1 1 3 0 0 0 0 0
fn=wcscpy
0 7 1 1 3 0 0 0 0 0
fn=wcslen
0 10 2 2 3 0 0 0 0 0
fn=wcsnlen
0 9 2 2 3 0 0 0 0 0
fn=wmemchr
0 20 1 1 6 0 0 0 0 0
fn=wmemcmp
0 13 2 2 5 0 0 0 0 0
fn=wmemset
0 34 2 2 6 0 0 0 0 0
fn=write
0 846 3 1 188 0 0 0 0 0
summary: 2063287002 1307 1238 393085299 81226269 6606 103700805 343703 23516
